[gal.jpg]
filters=Border=1,0.000000,12.280702,0.000000,00000000,00ffffff,0.000000;
moddate=007d2ac41cc2d601
width=1075
height=1075
textactive=0
[auc.jpg]
filters=Border=1,0.000000,9.941521,0.000000,00000000,00ffffff,0.000000;
moddate=80ee40f31cc2d601
width=1075
height=1075
textactive=0
